1.Canopy Info.
# i0(0-1)    SZA(degree)   azimuth(degree)   TreeType    H    d_L    diam    VegCover  HotSpot
2	30	0	1	3	2	2.5	0.7	3.5
2.Leaf and Soil Info.
# tau_L     ro_L   iorien   ro_Soil      ifren   refind     sk
0.4409	0.4957	6	0.1590	2	1	0.05
3.Topography Info.(degree)
# Slope    Aspect
50	000
4.Configuration Para
# NumberOfLayers    epsiter    maxiter  !desired relative accuracy and max # of iterations
20	0.00000000000001	10
5.View Angles(degree)
# Total_Number  CoordFlag
180	1
# L1=Zenith    L2=Azimuth
0	0	0	0	0	0	0	0	0	0	0	0	5	5	5	5	5	5	5	5	5	5	5	5	10	10	10	10	10	10	10	10	10	10	10	10	15	15	15	15	15	15	15	15	15	15	15	15	20	20	20	20	20	20	20	20	20	20	20	20	25	25	25	25	25	25	25	25	25	25	25	25	30	30	30	30	30	30	30	30	30	30	30	30	35	35	35	35	35	35	35	35	35	35	35	35	40	40	40	40	40	40	40	40	40	40	40	40	45	45	45	45	45	45	45	45	45	45	45	45	50	50	50	50	50	50	50	50	50	50	50	50	55	55	55	55	55	55	55	55	55	55	55	55	60	60	60	60	60	60	60	60	60	60	60	60	65	65	65	65	65	65	65	65	65	65	65	65	70	70	70	70	70	70	70	70	70	70	70	70	
0	30	60	90	120	150	180	210	240	270	300	330	0	30	60	90	120	150	180	210	240	270	300	330	0	30	60	90	120	150	180	210	240	270	300	330	0	30	60	90	120	150	180	210	240	270	300	330	0	30	60	90	120	150	180	210	240	270	300	330	0	30	60	90	120	150	180	210	240	270	300	330	0	30	60	90	120	150	180	210	240	270	300	330	0	30	60	90	120	150	180	210	240	270	300	330	0	30	60	90	120	150	180	210	240	270	300	330	0	30	60	90	120	150	180	210	240	270	300	330	0	30	60	90	120	150	180	210	240	270	300	330	0	30	60	90	120	150	180	210	240	270	300	330	0	30	60	90	120	150	180	210	240	270	300	330	0	30	60	90	120	150	180	210	240	270	300	330	0	30	60	90	120	150	180	210	240	270	300	330	
